Min    = -0.0002538661647
Max    = 0.00253927731
Mean   = 3.093690111e-06
Median = -2.728475579e-08
Mode   = -8.773014997e-05
Sigma  = 7.425299555e-05
Inner_mu    = 4.349058997e-07   # FitInnerSigma = 5.0
Inner_sigma = 4.303592505e-05   # FitInnerSigma = 5.0
Gaussian_A     = 17110.77124
Gaussian_mu    = -3.556238268e-07
Gaussian_sigma = 3.898055126e-05
